0.1239987676496268
2.9078401705906045
6.457914755337113
5.2933485954884905
10.258602184450597
1.5948880749867853
4.558428934399697
0.7112693010684404
1.1897026646045479
4.441114675315941
2.0577052686323656
2.811519094710952
0.14781154562225116
2.0980280772570628
3.0404361211708695
2.4763012124022166
5.267952764318047
3.8593568492741057
2.5862279994115682
3.576975600971027
1.444564020138239
26.96722381923919
4.559764154482833
1.2166904571603399
5.229547091595687
5.449191037580996
3.492915940808514
1.4318659267109364
1.5172979739431423
6.569650915331451
2.718470635730431
23.196275493078314
0.5857848819809395
7.607954437041985
0.20642370233087243
4.441251256698695
2.9009064107577864
2.6090838812914185
2.5883732299500064
14.647044459640354
4.472545475304453
0.35933423775214846
4.658177543254311
0.08495183561071463
7.800975427520401
5.101856001381935
2.5294677050635572
7.173940447704297
0.6433257902338118
2.6082081032714965
1.3636533973246023
4.561708048839195
1.380201691117109
0.8836829941241555
1.9637504829064598
4.214174311140636
0.13566432501989145
3.341276207559932
4.3581018600998505
0.747424825130846
3.4920426735100865
2.1299170219562535
2.6931333048168513
3.186765641032632
6.317306600041208
0.38262395873188354
0.7860979980004535
0.5623300181893014
3.5113369710238658
3.9106250395909385
32.379684617035025
4.758514122316539
9.300377505525203
11.53235641130844
3.942943739524952
5.3585144479765185
0.9551926169466094
4.96455576847615
4.108001222902962
6.9760196480055185
6.233960018454457
1.5683118197754233
6.669865045357463
14.69553502903212
7.359689703888107
1.3124234762909028
7.633605097583015
1.5898585785069235
4.15272230161026
8.216908070762686
1.7980658855804958
6.265781792931183
11.156245260404726
2.053532984346004
3.223271910940432
6.36812650808392
0.657021151215983
25.573427961952728
3.4752041037232595
9.673037980451724
5.183482837191344
4.192083683453201
3.2529491330781877
14.115180392071931
4.963590614709171
14.39450846066493
8.222917747700851
0.0697351009371123
5.521588320050635
7.78134229866832
9.598809275718079
3.054641763313801
5.227738682919901
0.175800082433379
8.160597745035863
11.884666610860803
2.414512954962791
1.5804498937078797
4.500145731667853
6.38036546839886
0.02846917877622239
4.669700423878441
6.544272379573428
1.5492293048064343
11.148942659345837
2.3162928026934
14.261269412407005
3.4452772233063382
2.1994374998112822
4.787043494018792
2.959370617460724
20.341681770743158
2.0085252962753235
6.755067065076138
29.752691325853466
0.06408500475895128
3.864216411510944
2.1358970927519914
12.79243757481262
11.932334663612739
6.942852678100686
21.854645679874995
0.20510861829797772
2.1659000913783792
17.846494951259366
14.301945137111659
1.0289628536705624
1.599729809722204
3.0767191961160436
6.391225130756168
1.4699891297250627
7.155605193153598
6.802289182529825
1.6529633976831022
9.983339227138648
2.2655629938200557
10.482927388670536
3.368655186345651
32.680652291858266
21.966237823218655
2.8575680715604252
3.1411749422038793
0.8928884742917509
10.690821226062116
10.708825049989914
5.915477257887838
2.317317426490595
1.8337023574016353
0.1705829837023756
5.878429821197735
1.6230944263216514
5.82332792714702
6.049656938885153
2.4829452780993972
6.091039635149977
1.6284225451942949
3.7442604708679106
5.442298878852619
3.1889086852301176
1.0854501538148607
1.6959576305732893
2.7608252462563505
0.5713946227543921
4.204060768792971
1.4668430096898968
3.8883010184633444
3.6472059353921154
0.18601211086873315
0.5422130716548023
0.7344701065982564
5.757434266141458
5.210853558727536
1.211730849373422
2.1952835289859283
5.50994429400166
2.7577663238481214
3.4947396606548167
2.923428918872279
3.132775469317896
6.87541065537697
2.2330228324526114
12.831242697936888
0.9718820524558418
0.32232636488338323
6.1164106204506625
5.489635674574731
2.8413411829297295
2.962724794517587
1.0197562008584637
1.500628824060508
1.1881567288658421
0.9839574410794241
0.08250806262278094
4.109393365034569
2.25544958664752
6.301689208871954
6.691037684605183
3.813718101633646
2.8444893366370008
4.229660354818609
5.084469112602003
0.34920255750257395
0.23763599503850916
3.1362988962033786
2.447947937774848
3.3265601569427026
17.028774372856294
8.440410127128393
1.8247672625936895
2.316712083196589
15.268106566757526
4.303707736627123
7.551927723910782
1.8493595065521944
6.822593042406635
0.11504117404038806
8.552625467779183
7.640700969127116
4.3805361203819695
3.208420589027066
3.8717174652525155
0.5417643453621076
6.522708663414239
0.6636951541500598
4.688476063042259
6.235681571183804
0.9897693168327245
0.8555293041536604
2.228426261210303
6.882225793605461
1.141811101183795
7.644910223709034
3.7900941025944177
2.859764085697226
8.335025568942541
5.945024082932856
4.287550699474274
3.0918569230779633
7.898416036458504
4.8522801965006135
1.313947740779094
1.3869511518990854
1.9957361382029242
2.771625121082776
2.1346564192546227
4.003996526167211
0.3578167715245042
0.06344870131959923
19.80874780214969
0.5426487767438642
2.8217505154911704
1.9940302256524896
1.0542919585008819
15.893810014716074
1.9049599400923922
1.6690194878637563
0.32732795446852503
8.85075837931223
3.365609484933841
0.9487113205123782
0.6525791804398773
0.3728948807996542
1.5847068068361587
6.948660844593728
4.893690499331242
8.995699174033444
6.847913030410613
0.13998100910465394
1.5614930811643455
1.429617418190405
11.568916308962129
8.455492641022165
0.6412642536845481
1.0268250114158344
0.37665405372073885
1.729763350124336
0.10926492198569625
6.315114464941484
0.007311361579588491
8.280806901911928
