0.02657100511714816
0.4682239084504545
0.7540305065922439
0.6832441738806665
0.8922553877346218
0.29275787016376853
0.6284278365783393
0.14313545590266585
0.22770054591819644
0.6188390492461622
0.36039092717692256
0.45698236441239715
0.03159231645986438
0.36596779664978385
0.48331936029717326
0.4159740931354463
0.6814922685734928
0.567505547311157
0.42975212214514613
0.5401511541567743
0.2692869226448238
0.99713966390118
0.6285355719737709
0.232213971670717
0.6788244689814746
0.6937857805751264
0.5316789108328521
0.2672689757309854
0.2807389865629375
0.7599276467226446
0.4458971503190696
0.9935121960006654
0.11946216179057956
0.8083944707177579
0.04384158132597804
0.618850355502218
0.467422507237643
0.43257576366886497
0.43001774279400706
0.9584594643674791
0.621432080399245
0.07507368316873908
0.6363908904604614
0.018280913587659597
0.8162607024423778
0.6697928770445287
0.4226789656095207
0.7894550687633455
0.13039767695590854
0.43246782710775733
0.25633306382223964
0.6286923638544977
0.2590010087005794
0.17462769290432334
0.34720540372654796
0.5995818949304521
0.029034122359007597
0.5159986554645002
0.6119047957472503
0.14983751391991973
0.5315900812856853
0.3703437610529363
0.4428396108560264
0.49948142236098647
0.7464033062569797
0.07974026491865516
0.15694824932143092
0.11496526515111327
0.533548794221133
0.5722944750450552
0.9991171094588935
0.6442287242971361
0.8673288370482624
0.9182940958999097
0.575286056380719
0.6876956126652658
0.18734724028035998
0.6597980721853673
0.5902413907460868
0.7802074677310884
0.7417710418812931
0.2886639325879514
0.7650963175110519
0.9588946453295648
0.7977797309868038
0.2480126335285604
0.8094589146785438
0.29198491340503097
0.5942019666545093
0.8321309029124677
0.32328760204836726
0.7435495457611978
0.9113397966139019
0.3598110838793218
0.503434109967202
0.7491869158111513
0.1329803760163486
0.9961284785531461
0.5298739480786026
0.8776435903273523
0.6755951861850917
0.5976561917923391
0.5066243740729988
0.9533729231916368
0.6597267533652484
0.9561174749396741
0.8323498624376953
0.01503114914521575
0.6985628674738109
0.8154755695722997
0.8756550732068717
0.48491097753867507
0.6786983008496463
0.037461051251739264
0.8300653207115829
0.9243126860819757
0.4080840270034969
0.2905366732738912
0.6236945423297584
0.7498527145944536
0.006163939367979765
0.637299710419029
0.758600767236203
0.28570975875481963
0.9111990700475872
0.39532180270180106
0.9548290851525962
0.5268083638511598
0.37977930856868625
0.6464262991212308
0.47414211509749293
0.987940018530935
0.3535226206295192
0.7694031014107168
0.9984379741363227
0.013821748550981283
0.5679617668502033
0.3711610077880323
0.9378557461313903
0.9250922105275095
0.7786185215227306
0.9913175567053258
0.04356845049187541
0.3752452856861055
0.9792653913609684
0.9552263705991209
0.20026351092383265
0.29350117361173034
0.48737483425065875
0.7504419996403158
0.27331072418019176
0.7886149859987199
0.771755977999419
0.301622265484184
0.8856177288107574
0.3886228404007852
0.8973788390867412
0.5188681050203741
0.9991729739122093
0.9915254539810121
0.46238604141399264
0.4945009141229093
0.17627618787810206
0.9019092372618616
0.9022920350544155
0.7232773914001882
0.39545634714886546
0.3285048878751695
0.03636981500312686
0.7210418819449842
0.29707714496180415
0.7176834843121469
0.731225139927119
0.4168162210844457
0.7336299601010978
0.29789007967337966
0.5565582509152591
0.6933270781300962
0.49971432564780116
0.21001479541882873
0.30811309022828937
0.4509708001278341
0.11670589772984385
0.59870141511783
0.27281402004882693
0.5702157556079328
0.5471119242720306
0.039593478199094534
0.11109004123136401
0.1474421783350408
0.7136142137460411
0.6775178737007082
0.2313865120522678
0.3792195110581815
0.69779960392043
0.4506059340201318
0.5318643669597805
0.4700212492607534
0.49357793061062694
0.7753520286642015
0.3842868353240192
0.9383772849105299
0.19028749642893672
0.0676096579991281
0.7350936601869762
0.6964637502096593
0.460488039534539
0.4745250470004976
0.19866281701251864
0.2781303613446653
0.22744120238348842
0.19240823900327086
0.01775973243638873
0.5903652622364461
0.3872785004787147
0.7455416894517839
0.7661740030162036
0.5631973682902753
0.46085679112002254
0.6009263596497476
0.6685436139814556
0.0730362101458013
0.0503012421540916
0.49396531051024795
0.4123666579835117
0.5144492774270475
0.9752358007244766
0.8400847963057458
0.3272005538456142
0.39537686249241233
0.9637011620216072
0.6072928584180772
0.8060487653128803
0.33078440418466926
0.772760238032788
0.024675419088453054
0.8439350198023021
0.8097523315809667
0.6137911262921989
0.5018298751674592
0.5686650271527469
0.11100340774282813
0.7574675786308944
0.13423619186505675
0.6387756983749568
0.741867573466152
0.1934269699268043
0.1695654965005815
0.3836718644015491
0.7756842910312116
0.21962576685473323
0.8099261722527444
0.5609504948370159
0.46264238795265555
0.8363824966363609
0.7250474519096315
0.6059124167077243
0.4890574007295072
0.820108215790242
0.6514005116187036
0.24826153321191669
0.260086418595165
0.35172447888180614
0.4522570646367967
0.3709915424697101
0.5808804272674024
0.0747688072733581
0.013685455080121756
0.9864601562730968
0.11117415269836783
0.45818765787407756
0.35148425167426467
0.20465081883594394
0.9683134048245847
0.3388168918900192
0.3040533415041864
0.06862192554399371
0.8537199213169515
0.5185497435741127
0.18620252376422286
0.1321435417048633
0.07779371133074164
0.29119228897616267
0.778897603508085
0.6545216212980449
0.8582528992556036
0.7740064146928489
0.029943985398858786
0.28760972572490573
0.2669110684655607
0.9189402866177261
0.8406077674590051
0.13000824255868793
0.19989210506901145
0.07854631869122386
0.31317433482035995
0.023451104294508696
0.7462825416587293
0.001586641650646925
0.8344444534741342
